Time (ms), Brightness (AU)
5,0
11,2
17,3
24,5
30,6
36,7
44,9
50,10
56,12
63,13
69,15
76,16
82,18
89,20
96,21
102,23
109,24
115,26
121,27
129,29
135,30
142,32
148,34
154,35
161,37
167,38
175,40
181,41
188,43
194,44
200,46
207,48
214,49
221,51
227,52
234,54
240,56
246,57
253,59
260,60
267,62
273,64
280,65
286,67
293,68
300,70
306,71
313,73
321,75
329,76
338,77
347,78
355,78
363,78
371,78
379,78
388,78
396,78
405,78
413,78
421,78
430,79
438,79
446,79
454,79
462,79
472,79
480,79
488,79
496,78
504,78
513,78
521,78
529,78
538,78
546,79
555,79
563,79
571,79
579,79
587,79
595,78
605,78
613,78
621,78
629,78
637,78
646,78
654,78
662,78
671,78
679,78
688,78
696,78
704,78
712,78
720,78
729,78
738,77
746,77
754,77
762,77
771,77
779,77
787,77
795,77
804,77
813,77
821,77
829,77
837,77
845,77
854,77
862,77
871,77
879,77
887,77
896,77
904,77
912,77
920,77
928,77
937,77
946,77
954,77
962,76
970,76
978,77
987,77
995,77
1004,77
1013,77
1022,77
1032,77
1041,77
1050,77
1059,77
1070,77
1079,77
1088,77
1097,76
1106,77
1116,77
1125,77
1135,77
1144,77
1154,77
1163,77
1172,77
1181,77
1190,77
1201,77
1210,77
1219,77
1228,77
1238,77
1247,77
1256,78
1265,78
1275,78
1285,78
1294,78
1303,78
1312,78
1321,78
1331,78
1341,78
1350,78
1359,78
1369,78
1378,79
1387,79
1396,79
1406,79
1416,79
1425,79
1434,79
1443,79
1453,79
1462,79
1472,79
1481,79
1490,79
1500,79
1509,79
1518,79
1527,79
1538,80
1547,79
1556,80
1565,80
1574,80
1584,80
1593,80
1603,80
1612,80
1622,80
1631,80
1640,80
1649,80
1658,79
1669,80
1678,80
1687,79
1696,79
1705,79
1715,79
1724,79
1734,79
1743,79
1753,79
1762,79
1771,79
1780,79
1789,79
1800,79
1809,79
1818,78
1827,79
1837,79
1846,79
1855,79
1865,79
1874,79
1884,79
1893,79
1902,79
1911,79
1921,79
1930,79
1940,79
1949,79
1958,79
1968,79
1977,78
1986,79
1995,79
2006,78
2015,79
2024,78
2033,79
2042,78
2052,78
2061,78
2071,78
2080,78
2089,78
2099,78
2108,78
2117,78
2126,78
2137,78
2146,78
2155,78
2164,78
2173,78
2183,78
2192,79
2202,78
2211,78
2221,79
2230,78
2239,79
2248,79
2257,79
2268,79
2277,78
2286,79
2295,78
2305,79
2314,78
2323,78
2333,78
2342,78
2352,78
2361,78
2370,78
2379,78
2388,78
2399,78
2408,78
2417,78
2426,78
2436,78
2445,78
2454,78
2464,78
2473,78
2483,78
2492,78
2501,78
2510,78
2520,78
2529,78
2539,78
2548,78
2557,78
2567,78
2576,79
2585,79
2594,78
2605,79
2614,79
2623,79
2632,79
2641,79
2651,79
2660,79
2670,79
2679,79
2689,79
2698,79
2707,79
2716,79
2725,79
2736,79
2745,80
2754,79
2763,80
2772,79
2782,80
2791,80
2801,80
2810,80
2820,80
2829,80
2838,80
2847,80
2856,80
2867,80
2876,80
2885,80
2894,80
2904,80
2913,80
2922,80
2932,80
2941,80
2951,80
2960,80
2969,80
2978,80
2988,80
2998,80
3007,80
3016,80
3025,80
3035,80
3044,80
3053,79
3063,79
3073,79
3082,79
3091,79
3100,79
3109,79
3119,79
3128,79
3138,79
3147,79
3156,79
3166,79
3175,79
3184,78
3193,79
3204,78
3213,78
3222,78
3231,78
3240,78
3250,78
3259,78
3269,78
3278,78
3288,78
3297,78
3306,78
3315,78
3324,78
3335,78
3344,78
3353,78
3362,78
3372,78
3381,78
3390,78
3400,78
3409,78
3419,78
3428,78
3437,78
3446,78
3456,78
3466,79
3475,78
3484,78
3493,79
3503,78
3512,79
3521,79
3531,79
3540,79
3550,78
3559,79
3568,78
3577,79
3587,79
3597,78
3606,79
3615,78
3624,79
3634,79
3643,78
3652,79
3662,78
3672,79
3681,78
3690,78
3699,78
3708,78
3718,78
3727,78
3737,78
3746,78
3756,78
3765,78
3774,78
3783,78
3792,78
3803,78
3812,78
3821,78
3830,78
3840,78
3849,78
3858,78
3868,77
3877,78
3887,77
3896,78
3905,77
3914,77
3923,77
3934,77
3943,77
3952,77
3961,77
3971,77
3980,77
3989,77
3999,77
4008,77
4018,77
4027,77
4036,77
4045,77
4055,77
4065,77
4074,77
4083,77
4092,77
4102,77
4111,77
4120,77
4130,77
4140,77
4149,77
4158,77
4167,77
4176,77
4186,77
4196,77
4205,77
4214,77
4224,77
4233,77
4242,77
4251,77
4260,77
4271,77
4280,77
4289,77
4298,77
4307,77
4317,77
4326,77
4336,77
4345,77
4355,78
4364,77
4373,78
4382,77
4391,77
4402,77
4411,77
4420,77
4429,77
4439,77
4448,77
4457,77
4467,77
4476,77
4486,77
4495,77
4504,77
4513,77
4523,77
4533,77
4542,77
4551,77
4560,78
4570,77
4579,78
4588,78
4598,78
4608,78
4617,78
4626,78
4635,78
4644,78
4654,78
4664,78
4673,78
4682,78
4691,79
4701,78
4710,78
4719,79
4729,78
4739,79
4748,79
4757,79
4766,79
4775,79
4785,79
4795,79
4804,79
4813,79
4823,79
4832,79
4841,79
4850,79
4860,79
4870,79
4879,79
4888,79
4897,79
4907,79
4916,79
4925,79
4935,79
4944,79
4954,79
4963,79
4972,79
4981,79
4990,79
5001,78
5010,79
5019,79
5028,78
5038,78
5047,78
5056,78
5066,78
5075,78
5085,78
5094,78
5103,78
5112,78
5122,78
5132,78
5141,78
5150,78
5159,78
5169,78
5178,78
5187,78
5197,78
5207,78
5216,78
5225,78
5234,78
5243,78
5253,78
5263,78
5272,78
5281,78
5291,78
5300,78
5309,78
5318,78
5328,78
5338,78
5347,78
5356,78
5365,78
5374,79
5384,79
5394,79
5403,79
5412,79
5422,79
5431,79
5440,79
5449,79
5459,79
5469,79
5478,79
5487,79
5496,79
5506,79
5515,80
5524,79
5534,80
5543,80
5553,80
5562,80
5571,80
5580,80
5590,80
5600,80
5609,80
5618,80
5627,80
5637,80
5646,80
5655,80
5665,80
5675,81
5684,80
5693,81
5702,81
5711,81
5721,81
5731,81
5740,81
5749,81
5758,81
5768,81
5777,81
5786,81
5796,80
5806,81
5815,81
5824,81
5833,81
5842,80
5852,81
5862,81
5871,81
5880,81
5890,80
5899,81
5908,81
5917,81
5927,81
5937,80
5946,81
5955,80
5964,81
5974,80
5983,80
5993,81
6002,80
6011,81
6021,80
6030,80
6039,80
6048,80
6059,80
6068,80
6077,80
6086,80
6095,80
6105,80
6114,80
6123,80
6133,80
6142,80
6152,80
6161,80
6170,80
6179,80
6189,80
6199,80
6208,80
6217,80
6226,80
6236,80
6245,80
6254,80
6264,80
6274,80
6283,80
6292,80
6301,80
6310,80
6320,80
6330,80
6339,80
6348,80
6358,80
6367,80
6376,81
6385,80
6395,81
6405,81
6414,80
6423,81
6432,80
6441,81
6451,81
6461,81
6470,81
6479,80
6489,81
6498,81
6507,81
6516,81
6526,81
6536,81
6545,81
6554,81
6563,81
6573,81
6582,81
6592,81
6601,81
6610,81
6620,81
6629,81
6638,81
6647,81
6658,81
6667,81
6676,81
6685,81
6694,81
6704,81
6713,81
6722,81
6732,81
6742,81
6751,80
6760,81
6769,81
6778,80
6788,81
6798,80
6807,81
6816,80
6825,80
6835,80
6844,80
6853,80
6863,80
6873,80
6882,80
6891,80
6900,80
6909,80
6919,80
6929,80
6938,80
6947,80
6957,80
6966,80
6975,80
6984,80
6994,80
7004,79
7013,80
7022,79
7031,79
7041,79
7050,79
7060,79
7069,79
7078,79
7088,79
7097,79
7106,79
7115,79
7126,79
7135,79
7144,79
7153,79
7162,79
7172,79
7181,79
7191,79
7200,79
7209,79
7219,79
7228,79
7237,79
7246,79
7257,79
7266,79
7275,79
7284,79
7293,79
7303,79
7312,79
7321,79
7331,79
7341,79
7350,79
7359,79
7368,79
7377,79
7387,78
7397,79
7406,79
7415,79
7425,79
7434,79
7443,79
7452,79
7462,79
7472,79
7481,78
7490,79
7499,79
7508,79
7518,79
7528,78
7537,79
7546,78
7556,79
7565,78
7574,78
7583,78
7593,78
7603,78
7612,78
7621,78
7630,78
7640,78
7649,78
7659,78
7668,78
7677,78
7687,78
7696,78
7705,78
7714,78
7725,78
7734,78
7743,78
7752,78
7761,78
7771,78
7780,78
7790,78
7799,78
7809,78
7818,78
7827,78
7836,78
7845,78
7856,78
7865,78
7874,78
7883,78
7892,78
7902,78
7911,78
7920,78
7930,78
7940,78
7949,78
7958,78
7967,78
7976,78
7986,78
7996,78
8005,78
8014,78
8024,78
8033,78
8042,78
8051,78
8061,78
8071,78
8080,78
8089,78
8098,78
8108,78
8117,78
8127,78
8136,78
8145,78
8155,78
8164,77
8173,78
8182,77
8193,78
8202,78
8211,77
8220,78
8229,77
8239,78
8248,77
8258,77
8267,77
8276,77
8286,77
8295,77
8304,77
8313,77
8324,77
8333,77
8342,77
8351,78
8360,77
8370,77
8379,77
8389,77
8398,78
8408,77
8417,77
8426,78
8435,77
8444,78
8454,77
8464,77
8473,78
8482,77
8492,78
8501,77
8510,78
8519,78
8529,77
8539,78
8548,77
8557,78
8566,78
8576,78
8585,78
8595,78
8604,78
8613,78
8623,78
8632,78
8641,78
8650,78
8660,77
8670,78
8679,78
8688,77
8697,77
8707,77
8716,77
8726,77
8735,77
8744,77
8754,77
8763,77
8772,77
8781,77
8792,77
8801,77
8810,77
8819,77
8828,77
8838,77
8847,76
8857,77
8866,76
8876,77
8885,76
8894,76
8903,76
8912,76
8923,76
8932,76
8941,76
8950,76
8960,76
8969,76
8978,76
8988,76
8997,76
9007,75
9016,76
9025,75
9034,76
9043,75
9054,75
9063,75
9072,75
9081,75
9091,75
9100,75
9109,75
9118,75
9128,75
9138,75
9147,75
9156,75
9165,75
9175,75
9184,75
9194,75
9203,75
9212,75
9222,75
9231,75
9240,75
9249,75
9260,75
9269,75
9278,75
9287,75
9296,74
9306,75
9315,75
9325,75
9334,75
9344,74
9353,75
9362,74
9371,74
9380,75
9391,74
9400,75
9409,74
9418,74
9427,74
9437,74
9446,75
9456,74
9465,75
9475,75
9484,75
9493,75
9502,75
9511,75
9522,75
9531,75
9540,75
9549,75
9559,75
9568,75
9577,75
9587,75
9596,75
9606,75
9615,75
9624,76
9633,76
9643,75
9652,76
9662,75
9671,76
9680,76
9690,76
9699,76
9708,76
9717,76
9728,76
9737,76
9746,76
9755,76
9764,76
9774,76
9783,76
9793,76
9802,76
9811,76
9821,76
9830,76
9839,76
9848,76
9859,76
9868,76
9877,76
9886,76
9895,76
9905,76
9914,76
9924,76
9933,76
9943,76
9952,76
9961,76
9970,76
9979,76
9990,76
9999,76
10008,76
10018,76
10029,75
10039,75
10049,75
10060,75
10071,75
10081,75
10091,75
10101,75
10112,75
10123,75
10133,75
10143,75
10153,75
10164,75
10174,75
10185,75
10195,75
10206,75
10216,75
10226,75
10236,75
10247,75
10258,75
10268,75
10278,75
10289,75
10299,75
10309,75
10320,76
10331,75
10341,75
10351,75
10361,75
10372,75
10382,75
10393,75
10403,75
10414,76
10424,76
10434,76
10444,76
10456,75
10466,75
10476,75
10486,75
10497,75
10507,75
10517,76
10528,76
10539,76
10549,76
10559,76
10569,76
10579,76
10591,76
10601,76
10611,76
10621,76
10632,76
10642,76
10653,76
10663,76
10674,76
10684,76
10694,76
10704,76
10715,76
10726,76
10736,76
10746,76
10757,76
10767,76
10777,76
10788,76
10799,76
10809,76
10819,76
10829,76
10840,76
10851,76
10861,76
10871,76
10882,76
10892,76
10902,76
10912,76
10924,76
10934,76
10944,76
10954,76
10964,76
10975,76
10986,76
10996,76
11006,76
11017,76
11027,76
11037,76
11047,76
11059,76
11069,76
11079,76
11089,76
11100,76
11110,76
11121,76
11131,76
11142,76
11152,76
11162,76
11172,76
11184,76
11194,76
11204,76
11214,76
11225,76
11235,76
11245,76
11256,76
11267,76
11277,76
11287,76
11297,76
11308,76
11319,76
11329,76
11339,76
11350,76
11360,76
11370,76
11380,76
11392,76
11402,76
11412,76
11422,76
11432,76
11443,76
11454,76
11464,76
11474,76
11485,76
11495,76
11505,76
11516,76
11527,76
11537,76
11547,76
11557,76
11568,76
11578,76
11589,76
11599,76
11610,76
11620,76
11630,76
11640,76
11652,76
11662,76
11672,76
11682,76
11693,76
11703,77
11713,77
11724,77
11735,77
11745,77
11755,77
11765,77
11776,77
11787,77
11797,77
11807,77
11817,77
11828,77
11838,77
11849,77
11859,77
11870,77
11880,77
11890,77
11900,78
11911,78
11922,78
11932,78
11942,78
11953,78
11963,78
11973,78
11984,78
11995,78
12005,78
12015,78
12025,78
12036,78
12046,78
12057,78
12067,78
12078,78
12088,78
12098,78
12108,78
12120,78
12130,78
12140,78
12150,78
12161,78
12171,78
12182,77
12192,77
12203,77
12213,77
12223,77
12233,77
12243,77
12255,77
12265,77
12275,77
12285,77
12296,77
12306,77
12317,77
12327,77
12338,77
12348,77
12358,77
12368,77
12379,77
12390,76
12400,76
12410,76
12421,76
12431,76
12441,76
12452,76
12463,76
12473,76
12483,76
12493,76
12504,76
12515,76
12525,76
12535,76
12546,76
12556,76
12566,76
12576,76
12588,76
12598,76
12608,76
12618,76
12628,76
12639,76
12650,76
12660,76
12670,76
12681,77
12691,77
12701,77
12711,77
12723,77
12733,77
12743,77
12753,77
12764,77
12774,77
12785,77
12795,77
12806,77
12816,77
12826,77
12836,77
12848,77
12858,77
12868,78
12878,78
12889,78
12899,78
12909,78
12920,78
12931,78
12941,78
12951,78
12961,78
12972,78
12983,78
12993,78
13003,78
13014,78
13024,78
13034,78
13044,78
13056,78
13066,78
13076,78
13086,78
13096,78
13107,78
13118,78
13128,78
13138,78
13149,78
13159,78
13169,78
13179,78
13191,78
13201,78
13211,78
13221,78
13232,78
13242,78
13253,78
13263,78
13274,78
13284,78
13294,78
13304,78
13316,78
13326,78
13336,78
13346,78
13357,77
13367,77
13377,77
13388,77
13399,77
13409,77
13419,77
13429,77
13440,77
13451,77
13461,77
13471,77
13481,77
13492,77
13502,77
13513,77
13523,77
13534,77
13544,77
13554,77
13564,76
13575,76
13586,76
13596,76
13606,76
13617,76
13627,76
13637,76
13648,76
13659,76
13669,76
13679,76
13689,76
13700,75
13710,76
13721,76
13731,76
13742,76
13752,76
13762,76
13772,76
13784,75
13794,75
13804,75
13814,76
13825,76
13835,76
13845,76
13856,76
13867,76
13877,75
13887,75
13897,75
13907,75
13919,75
13929,75
13939,75
13949,75
13960,75
13970,75
13981,75
13991,75
14002,75
14012,75
14022,75
14032,75
14043,75
14054,75
14064,75
14074,75
14085,75
14095,75
14105,75
14116,75
14127,75
14137,75
14147,75
14157,76
14168,76
14178,76
14189,76
14199,76
14210,75
14220,75
14230,75
14240,76
14252,76
14262,76
14272,76
14282,76
14292,76
14303,76
14314,76
14324,76
14334,76
14345,76
14355,76
14365,76
14375,76
14387,76
14397,76
14407,76
14417,76
14428,76
14438,76
14449,76
14459,76
14470,76
14480,76
14490,76
14500,76
14512,76
14522,76
14532,76
14542,76
14553,76
14563,76
14573,76
14584,76
14595,76
14605,76
14615,76
14625,76
14636,76
14647,76
14657,76
14667,76
14678,76
14688,76
14698,76
14708,76
14720,76
14730,76
14740,76
14750,76
14760,76
14771,76
14782,76
14792,76
14802,76
14813,76
14823,76
14833,76
14844,76
14855,76
14865,76
14875,76
14885,76
14896,77
14906,77
14917,77
14927,77
14938,76
14948,76
14958,76
14968,76
14980,77
14990,77
15000,77
15010,77
15021,77
15031,77
15041,77
15052,77
15063,77
15073,77
15083,77
15093,77
15104,77
15115,77
15125,77
15135,77
15145,77
15156,77
15166,77
15177,77
15187,77
15198,77
15208,77
15218,77
15228,77
15239,77
15250,77
15260,77
15270,77
15281,77
15291,77
15301,77
15312,77
15323,77
15333,77
15343,77
15353,77
15364,77
15374,77
15385,77
15395,77
15406,77
15416,77
15426,77
15436,77
15448,77
15458,77
15468,77
15478,77
15489,76
15499,76
15510,77
15520,77
15531,77
15541,77
15551,77
15561,77
15571,76
15583,76
15593,76
15603,76
15613,76
15624,76
15634,76
15645,76
15655,76
15666,76
15676,76
15686,76
15696,76
15707,76
15718,76
15728,76
15738,76
15749,76
15759,76
15769,76
15780,76
15791,76
15801,76
15811,76
15821,76
15832,76
15843,76
15853,76
15863,76
15874,77
15884,77
15894,76
15904,76
15916,76
15926,76
15936,77
15946,77
15956,77
15967,77
15978,77
15988,77
15998,77
16009,77
16019,77
16029,77
16039,77
16051,77
16061,77
16071,77
16081,78
16092,78
16102,77
16113,77
16123,77
16134,77
16144,78
16154,78
16164,78
16176,78
16186,78
16196,78
16206,78
16217,78
16227,78
16237,78
16248,78
16259,78
16269,78
16279,78
16289,78
16300,78
16311,78
16321,78
16331,78
16342,78
16352,78
16362,78
16372,78
16384,78
16394,78
16404,78
16414,78
16424,78
16435,78
16446,78
16456,78
16466,78
16477,78
16487,78
16497,78
16508,78
16519,78
16529,78
16539,78
16549,78
16560,77
16570,78
16581,78
16591,78
16602,78
16612,78
16622,78
16632,78
16644,78
16654,77
16664,77
16674,78
16685,78
16695,78
16705,78
16716,78
16727,78
16737,78
16747,77
16757,77
16768,77
16779,78
16789,78
16799,78
16809,78
16820,78
16830,78
16840,78
16851,78
16862,77
16872,77
16882,77
16892,78
16903,78
16914,78
16924,78
16934,78
16945,78
16955,78
16965,78
16976,78
16987,78
16997,78
17007,78
17017,78
17028,78
17038,78
17049,78
17059,78
17070,78
17080,78
17090,78
17100,78
17112,78
17122,78
17132,78
17142,78
17153,78
17163,78
17174,78
17184,78
17195,78
17205,78
17215,78
17225,79
17235,79
17247,79
17257,79
17267,78
17277,78
17288,78
17298,78
17309,79
17319,79
17330,79
17340,79
17350,79
17360,79
17371,79
17382,78
17392,78
17402,78
17413,78
17423,78
17433,78
17444,78
17455,78
17465,78
17475,78
17485,78
17496,78
17506,78
17517,78
17527,78
17538,78
17548,78
17558,78
17568,78
17580,78
17590,78
17600,78
17610,78
17620,78
17631,78
17642,78
17652,78
17662,78
17673,78
17683,78
17693,78
17703,78
17715,78
17725,78
17735,78
17745,78
17756,78
17766,78
17777,78
17787,78
17798,78
17808,78
17818,78
17828,78
17839,78
17850,78
17860,78
17870,78
17881,78
17891,78
17901,78
17912,78
17923,78
17933,78
17943,78
17953,78
17964,78
17975,78
17985,78
17995,78
18006,78
18016,78
18026,78
18036,78
18048,78
18058,78
18068,78
18078,78
18088,78
18099,79
18110,79
18120,78
18130,78
18141,78
18151,78
18161,79
18172,79
18183,79
18193,79
18203,79
18213,79
18224,79
18234,79
18245,79
18255,79
18266,79
18276,79
18286,79
18296,79
18308,79
18318,79
18328,79
18338,79
18349,79
18359,79
18369,79
18380,79
18391,79
18401,79
18411,79
18421,79
18432,79
18443,79
18453,79
18463,79
18473,79
18484,79
18494,79
18505,79
18515,79
18526,79
18536,79
18546,79
18556,79
18567,79
18578,79
18588,79
18598,79
18609,79
18619,79
18629,79
18640,79
18651,79
18661,79
18671,79
18681,79
18692,79
18702,79
18713,79
18723,79
18734,80
18744,80
18754,79
18764,79
18776,79
18786,79
18796,80
18806,80
18817,80
18827,80
18838,80
18848,80
18859,80
18869,80
18879,80
18889,80
18899,80
18911,80
18921,80
18931,80
18941,81
18952,81
18962,81
18973,80
18983,81
18994,81
19004,81
19014,81
19024,81
19035,81
19046,81
19056,81
19066,81
19077,81
19087,81
19097,81
19108,81
19119,81
19129,81
19139,81
19149,81
19160,82
19171,82
19181,81
19191,81
19202,81
19212,81
19222,81
19232,82
19244,82
19254,82
19264,82
19274,82
19284,82
19295,81
19306,81
19316,81
19326,82
19337,82
19347,82
19357,82
19367,82
19379,82
19389,81
19399,81
19409,81
19420,81
19430,81
19441,81
19451,81
19462,81
19472,81
19482,81
19492,82
19504,81
19514,81
19524,81
19534,81
19545,81
19555,81
19565,81
19576,81
19587,81
19597,81
19607,81
19617,81
19628,81
19639,81
19649,81
19659,81
19670,81
19680,81
19690,81
19700,81
19712,81
19722,81
19732,80
19742,80
19752,81
19763,81
19774,81
19784,81
19794,81
19805,80
19815,80
19825,80
19836,80
19847,80
19857,80
19867,80
19877,80
19888,80
19898,80
19909,80
19919,80
19930,80
19940,80
19950,80
19960,80
19972,80
19982,80
19992,80
20002,80
20013,80
20023,81
20033,80
20044,80
20055,80
20065,80
20075,81
20085,81
20096,81
20107,81
20117,81
20127,81
20137,81
20148,81
20158,81
20169,81
20179,81
20190,81
20200,81
20210,81
20220,81
20231,81
20242,81
20252,81
20262,81
20273,81
20283,81
20293,81
20304,81
20315,81
20325,81
20335,81
20345,81
20356,81
20366,81
20377,81
20387,81
20398,81
20408,81
20418,81
20428,81
20440,81
20450,81
20460,81
20470,81
20481,81
20491,81
20501,81
20512,81
20523,81
20533,81
20543,81
20553,81
20563,81
20575,80
20585,80
20595,80
20605,80
20616,80
20626,80
20637,80
20647,80
20658,80
20668,80
20678,80
20688,80
20699,80
20710,80
20720,80
20730,80
20741,80
20751,80
20761,80
20772,80
20783,80
20793,80
20803,79
20813,80
20824,80
20835,80
20845,80
20855,80
20866,80
20876,79
20886,79
20896,79
20908,79
20918,79
20928,79
20938,79
20948,79
20959,79
20970,79
20980,79
20990,79
21001,79
21011,79
21021,79
21031,79
21043,79
21053,79
21063,79
21073,79
21084,79
21094,79
21105,79
21115,79
21126,79
21136,79
21146,79
21156,79
21168,79
21178,79
21188,79
21198,79
21209,79
21219,79
21229,78
21240,79
21251,79
21261,79
21271,79
21281,79
21292,79
21303,79
21313,79
21323,79
21334,79
21344,79
21354,79
21364,79
21376,79
21386,79
21396,79
21406,79
21416,79
21427,79
21438,79
21448,79
21458,79
21469,79
21479,79
21489,79
21499,79
21511,79
21521,79
21531,79
21541,79
21552,79
21562,79
21573,79
21583,79
21594,79
21604,79
21614,79
21624,79
21636,79
21646,79
21656,79
21666,79
21677,79
21687,79
21697,79
21708,79
21719,79
21729,79
21739,79
21749,79
21760,79
21771,79
21781,79
21791,79
21801,79
21812,79
21822,79
21833,79
21843,79
21854,79
21864,79
21874,79
21884,79
21895,79
21906,79
21916,79
21926,79
21937,79
21947,79
21957,79
21968,79
21979,79
21989,79
21999,79
22009,79
22020,79
22030,79
22041,79
22051,79
22062,79
22072,79
22082,79
22092,79
22104,79
22114,79
22124,79
22134,79
22145,79
22155,79
22166,79
22176,79
22187,79
22197,79
22207,79
22217,79
22227,79
22239,79
22249,79
22259,79
22269,79
22280,79
22290,79
22301,79
22311,79
22322,79
22332,79
22342,80
22352,80
22363,79
22374,79
22384,79
22394,79
22405,79
22415,79
22425,80
22436,80
22447,80
22457,80
22467,79
22477,79
22488,79
22499,79
22509,79
22519,79
22530,80
22540,80
22550,80
22560,80
22572,79
22582,79
22592,79
22602,79
22612,79
22623,79
22634,79
22644,79
22654,79
22665,79
22675,79
22685,79
22695,79
22707,79
22717,79
22727,79
22737,79
22748,79
22758,79
22769,79
22779,79
22790,79
22800,79
22810,79
22820,78
22832,79
22842,79
22852,79
22862,79
22873,79
22883,79
22893,78
22904,78
22915,78
22925,78
22935,78
22945,78
22956,78
22967,78
22977,78
22987,78
22998,78
23008,78
23018,78
23028,78
23040,78
23050,78
23060,78
23070,78
23080,78
23091,78
23102,78
23112,78
23122,78
23133,78
23143,78
23153,78
23164,78
23175,78
23185,78
23195,78
23205,78
23216,78
23226,78
23237,78
23247,78
23258,78
23268,78
23278,78
23288,78
23300,79
23310,79
23320,78
23330,78
23341,78
23351,78
23361,78
23372,79
23383,79
23393,79
23403,79
23413,79
23424,79
23435,78
23445,78
23455,78
23465,79
23476,79
23486,79
23497,79
23507,79
23518,79
23528,79
23538,79
23548,79
23559,79
23570,79
23580,79
23590,79
23601,79
23611,79
23621,79
23632,79
23643,79
23653,78
23663,78
23673,78
23684,78
23694,78
23705,78
23715,78
23726,78
23736,78
23746,78
23756,78
23768,78
23778,78
23788,78
23798,78
23809,78
23819,78
23830,78
23840,78
23851,78
23861,78
23871,78
23881,78
23891,78
23903,78
23913,78
23923,78
23933,78
23944,78
23954,77
23965,77
23975,77
23986,77
23996,77
24006,77
24016,77
24027,77
24038,77
24048,77
24058,77
24069,77
24079,77
24089,77
24100,77
24111,77
24121,77
24131,77
24141,77
24152,77
24162,77
24173,77
24183,77
24194,77
24204,77
24214,77
24224,77
24236,77
24246,77
24256,77
24266,77
24276,77
24287,77
24298,77
24308,77
24318,77
24329,77
24339,77
24349,77
24359,77
24371,77
24381,77
24391,77
24401,77
24412,77
24422,77
24433,77
24443,77
24454,77
24464,77
24474,77
24484,77
24496,77
24506,77
24516,77
24526,77
24537,77
24547,77
24557,77
24568,77
24579,77
24589,77
24599,77
24609,77
24620,77
24631,77
24641,77
24651,77
24662,77
24672,77
24682,77
24692,77
24704,77
24714,77
24724,77
24734,77
24744,77
24755,77
24766,77
24776,77
24786,77
24797,77
24807,77
24817,77
24828,77
24839,77
24849,77
24859,77
24869,77
24880,77
24890,77
24901,77
24911,77
24922,77
24932,77
24942,77
24952,77
24964,77
24974,77
24984,77
24994,77
25005,77
25015,77
25025,77
25036,77
25047,77
25057,77
25067,77
25077,77
25088,77
25099,77
25109,77
25119,77
25129,77
25140,77
25150,77
25161,77
25171,77
25182,77
25192,77
25202,77
25212,77
25223,77
25234,77
25244,77
25254,77
25265,77
25275,77
25285,77
25296,77
25307,77
25317,77
25327,77
25337,77
25348,77
25358,77
25369,77
25379,77
25390,77
25400,77
25410,77
25420,77
25432,77
25442,77
25452,77
25462,77
25473,77
25483,77
25494,77
25504,77
25515,77
25525,77
25535,77
25545,77
25555,77
25567,77
25577,77
25587,77
25597,77
25608,77
25618,77
25629,78
25639,78
25650,77
25660,77
25670,77
25680,78
25691,78
25702,78
25712,78
25722,78
25733,78
25743,78
25753,78
25764,78
25775,78
25785,78
25795,78
25805,78
25816,78
25827,78
25837,78
25847,79
25858,79
25868,78
25878,78
25888,78
25900,78
25910,79
25920,79
25930,79
25940,79
25951,79
25962,79
25972,79
25982,79
25993,79
26003,79
26013,79
26023,79
26035,79
26045,79
26055,79
26065,79
26076,79
26086,79
26097,79
26107,79
26118,79
26128,79
26138,79
26148,79
26160,79
26170,79
26180,79
26190,79
26201,79
26211,79
26221,79
26232,79
26243,79
26253,79
26263,79
26273,80
26284,79
26295,79
26305,79
26315,79
26326,80
26336,80
26346,80
26356,80
26368,80
26378,80
26388,80
26398,80
26408,80
26419,80
26430,80
26440,80
26450,80
26461,80
26471,80
26481,80
26492,80
26503,80
26513,80
26523,80
26533,80
26544,80
26554,80
26565,80
26575,80
26586,81
26596,81
26606,80
26616,80
26628,80
26638,80
26648,81
26658,81
26669,81
26679,81
26689,81
26700,81
26711,81
26721,80
26731,80
26741,80
26752,80
26763,81
26773,81
26783,81
26793,81
26804,81
26814,80
26825,80
26835,80
26846,80
26856,80
26866,80
26876,80
26887,80
26898,80
26908,80
26918,80
26929,80
26939,80
26949,80
26960,80
26971,80
26981,80
26991,80
27001,80
27012,80
27022,80
27033,80
27043,80
27054,80
27064,80
27074,80
27084,80
27096,80
27106,80
27116,80
27126,80
27137,80
27147,80
27158,80
27168,79
27179,80
27189,80
27199,80
27209,80
27219,80
27231,80
27241,80
27251,79
27261,79
27272,79
27282,80
27293,80
27303,80
27314,80
27324,80
27334,80
27344,80
27355,79
27366,79
27376,79
27386,80
27397,80
27407,80
27417,80
27428,80
27439,80
27449,80
27459,80
27469,80
27480,79
27491,79
27501,80
27511,80
27522,80
27532,80
27542,80
27552,80
27564,80
27574,79
27584,79
27594,79
27604,80
27615,80
27626,80
27636,80
27646,80
27657,80
27667,79
27677,79
27687,79
27699,79
27709,79
27719,79
27729,79
27740,80
27750,80
27761,80
27771,79
27782,79
27792,79
27802,79
27812,79
27823,79
27834,79
27844,79
27854,79
27865,79
27875,79
27885,79
27896,79
27907,79
27917,79
27927,79
27937,79
27948,79
27959,79
27969,79
27979,79
27990,78
28000,78
28010,78
28020,78
28032,78
28042,78
28052,78
28062,78
28072,78
28083,78
28094,78
28104,78
28114,78
28125,78
28135,78
28145,78
28156,78
28167,78
28177,78
28187,78
28197,78
28208,78
28218,78
28229,78
28239,78
28250,78
28260,78
28270,78
28280,78
28292,78
28302,78
28312,78
28322,78
28333,78
28343,78
28353,78
28364,78
28375,78
28385,78
28395,78
28405,78
28416,78
28427,78
28437,78
28447,78
28457,78
28468,78
28478,78
28489,79
28499,79
28510,79
28520,78
28530,79
28540,79
28551,78
28562,79
28572,79
28582,79
28593,79
28603,79
28613,79
28624,79
28635,79
28645,79
28655,79
28665,79
28676,79
28686,79
28697,79
28707,79
28718,79
28728,79
28738,79
28748,79
28760,79
28770,79
28780,79
28790,79
28801,79
28811,79
28822,79
28832,79
28843,79
28853,79
28863,79
28873,79
28883,79
28895,79
28905,79
28915,79
28925,79
28936,79
28946,79
28957,79
28967,79
28978,79
28988,79
28998,79
29008,79
29019,79
29030,79
29040,79
29050,79
29061,79
29071,79
29081,79
29092,79
29103,79
29113,79
29123,79
29133,79
29144,79
29155,79
29165,79
29175,79
29186,79
29196,79
29206,79
29216,79
29228,79
29238,79
29248,79
29258,79
29268,78
29279,78
29290,78
29300,78
29310,78
29321,79
29331,79
29341,79
29351,79
29363,78
29373,78
29383,78
29393,78
29404,79
29414,79
29425,79
29435,79
29446,79
29456,79
29466,79
29476,79
29488,79
29498,79
29508,79
29518,79
29529,79
29539,79
29549,79
29560,79
29571,79
29581,79
29591,79
29601,79
29612,79
29623,79
29633,79
29643,79
29654,79
29664,80
29674,80
29684,79
29696,79
29706,79
29716,79
29726,80
29736,80
29747,80
29758,80
29768,80
29778,80
29789,80
29799,80
29809,80
29820,80
29831,80
29841,80
29851,80
29861,80
29872,80
29882,80
29893,80
29903,80
29914,80
29924,80
29934,80
29944,80
29956,80
29966,80
29976,80
29986,80
29997,80
30007,79
30017,79
30028,79
30039,79
30049,79
30059,79
30069,79
30080,79
30091,79
30101,79
30111,79
30121,79
30132,79
30142,79
30153,79
30163,79
30174,79
30184,79
30194,79
30204,79
30215,79
30226,79
30236,79
30246,79
30257,79
30267,79
30277,79
30288,79
30299,79
30309,79
30319,79
30329,79
30340,79
30350,79
30361,79
30371,79
30382,79
30392,79
30402,79
30412,79
30424,79
30434,79
30444,79
30454,79
30465,79
30475,79
30486,79
30496,79
30507,79
30517,79
30527,79
30537,79
30547,79
30559,79
30569,79
30579,79
30589,79
30600,79
30610,79
30621,79
30631,79
30642,79
30652,79
30662,79
30672,79
30683,79
30694,79
30704,79
30714,79
30725,79
30735,79
30745,79
30756,79
30767,79
30777,79
30787,79
30797,79
30808,79
30819,79
30829,79
30839,79
30850,79
30860,79
30870,79
30880,79
30892,79
30902,79
30912,79
30922,79
30932,79
30943,79
30954,79
30964,79
30974,79
30985,79
30995,79
31005,79
31015,79
31027,79
31037,79
31047,79
31057,79
31068,79
31078,79
31089,79
31099,79
31110,79
31120,79
31130,79
31140,79
31152,79
31162,79
31172,79
31182,79
31193,79
31203,79
31213,79
31224,79
31235,79
31245,79
31255,79
31265,79
31276,79
31287,79
31297,79
31307,79
31318,79
31328,79
31338,79
31348,79
31360,79
31370,79
31380,79
31390,79
31400,79
31411,79
31422,79
31432,79
31442,79
31453,79
31463,79
31473,79
31484,79
31495,79
31505,79
31515,79
31525,79
31536,79
31546,79
31557,79
31567,80
31578,80
31588,80
31598,79
31608,79
31620,79
31630,80
31640,80
31650,80
31661,80
31671,80
31681,80
31692,80
31703,80
31713,80
31723,80
31733,80
31744,80
31755,80
31765,80
31775,80
31785,80
31796,80
31806,80
31817,80
31827,80
31838,80
31848,80
31858,80
31868,81
31879,81
31890,81
31900,81
31910,81
31921,81
31931,80
31941,80
31952,81
31963,81
31973,81
31983,81
31993,81
32004,81
32014,81
32025,80
32035,80
32046,80
32056,80
32066,80
32076,81
32088,81
32098,81
32108,81
32118,80
32129,80
32139,80
32149,80
32160,80
32171,80
32181,80
32191,80
32201,80
32211,80
32223,80
32233,80
32243,80
32253,80
32264,80
32274,80
32285,80
32295,80
32306,80
32316,80
32326,80
32336,80
32347,80
32358,80
32368,80
32378,80
32389,80
32399,80
32409,80
32420,80
32431,80
32441,80
32451,79
32461,79
32472,79
32483,80
32493,80
32503,80
32514,80
32524,80
32534,80
32544,80
32556,80
32566,79
32576,79
32586,80
32596,80
32607,80
32618,80
32628,80
32638,80
32649,80
32659,80
32669,80
32679,80
32691,80
32701,80
32711,80
32721,80
32732,80
32742,80
32753,80
32763,80
32774,80
32784,80
32794,80
32804,80
32816,80
32826,80
32836,80
32846,80
32857,80
32867,80
32877,80
32888,80
32899,80
32909,80
32919,80
32929,81
32940,81
32951,81
32961,81
32971,81
32982,80
32992,80
33002,80
33012,81
33024,81
33034,81
33044,81
33054,81
33064,81
33075,81
33086,81
33096,81
33106,80
33117,81
33127,81
33137,81
33148,81
33159,81
33169,81
33179,81
33189,80
33200,80
33210,80
33221,80
33231,81
33242,81
33252,81
33262,81
33272,81
33284,81
33294,80
33304,80
33314,80
33325,80
33335,80
33345,80
33356,80
33367,80
33377,80
33387,80
33397,80
33408,80
33419,80
33429,80
33439,80
33449,80
33460,80
33470,80
33481,80
33491,80
33502,80
33512,80
33522,80
33532,80
33543,80
33554,80
33564,80
33574,80
33585,80
33595,80
33605,80
33616,80
33627,80
33637,80
33647,80
33657,80
33668,80
33678,80
33689,81
33699,81
33710,80
33720,80
33730,80
33740,80
33752,80
33762,81
33772,81
33782,81
33793,81
33803,81
33814,81
33824,81
33835,81
33845,81
33855,80
33865,81
33875,81
33887,81
33897,81
33907,81
33917,81
33928,81
33938,81
33949,81
33959,81
33970,81
33980,81
33990,81
34000,81
34011,81
34022,81
34032,81
34042,81
34053,81
34063,81
34073,81
34084,81
34095,81
34105,81
34115,81
34125,81
34136,81
34147,81
34157,81
34167,81
34178,81
34188,81
34198,81
34208,81
34220,81
34230,81
34240,81
34250,81
34260,80
34271,80
34282,80
34292,80
34302,80
34313,80
34323,80
34333,80
34343,81
34355,80
34365,80
34375,80
34385,80
34396,80
34406,80
34417,80
34427,80
34438,80
34448,80
34458,80
34468,80
34480,80
34490,80
34500,80
34510,80
34521,80
34531,80
34541,80
34552,80
34563,80
34573,80
34583,80
34593,80
34604,80
34615,80
34625,80
34635,80
34646,80
34656,80
34666,80
34676,80
34688,80
34698,80
34708,80
34718,80
34728,80
34739,80
34750,80
34760,80
34770,80
34781,80
34791,80
34801,80
34812,80
34823,80
34833,80
34843,80
34853,80
34864,80
34874,81
34885,80
34895,80
34906,80
34916,80
34926,80
34936,81
34948,81
34958,81
34968,81
34978,81
34989,81
34999,80
35009,80
35020,80
35031,81
35041,81
35051,81
35061,81
35072,81
35083,81
35093,81
35103,81
35113,81
35124,80
35134,81
35144,81
35155,81
35166,81
35176,81
35186,81
35196,81
35207,81
35218,81
35228,80
35238,81
35249,81
35259,81
35269,81
35280,81
35291,81
35301,81
35311,80
35321,80
35332,80
35342,80
35353,81
35363,81
35374,81
35384,81
35394,81
35404,81
35416,80
35426,80
35436,80
35446,80
35457,80
35467,80
35478,80
35488,80
35499,80
35509,80
35519,80
35529,80
35539,80
35551,80
35561,80
35571,80
35581,80
35592,80
35602,80
35613,80
35623,80
35634,80
35644,80
35654,80
35664,80
35675,80
35686,80
35696,80
35706,80
35717,80
35727,80
35737,80
35748,80
35759,80
35769,80
35779,80
35789,80
35800,80
35811,81
35821,81
35831,80
35842,80
35852,80
35862,80
35872,80
35884,80
35894,80
35904,81
35914,81
35924,81
35935,81
35946,80
35956,80
35966,80
35977,80
35987,80
35997,80
36007,80
36019,81
36029,81
36039,81
36049,80
36060,80
36070,80
36081,80
36091,80
36102,80
36112,80
36122,80
36132,81
36144,81
36154,80
36164,80
36174,80
36185,80
36195,80
36205,80
36216,80
36227,80
36237,80
36247,80
36257,80
36268,80
36279,80
36289,80
36299,80
36310,80
36320,80
36330,80
36340,80
36352,80
36362,80
36372,80
36382,80
36392,80
36403,80
36414,80
36424,80
36434,80
36445,80
36455,80
36465,80
36476,79
36487,79
36497,79
36507,79
36517,79
36528,79
36538,79
36549,79
36559,79
36570,79
36580,79
36590,79
36600,79
36612,79
36622,79
36632,79
36642,79
36653,79
36663,79
36673,79
36684,79
36695,79
36705,79
36715,79
36725,79
36736,79
36747,79
36757,79
36767,79
36777,79
36788,79
36798,79
36809,79
36819,79
36830,79
36840,79
36850,79
36860,80
36871,80
36882,80
36892,80
36902,80
36913,79
36923,79
36933,80
36944,80
36955,80
36965,80
36975,80
36985,80
36996,80
37006,80
37017,80
37027,80
37038,80
37048,80
37058,80
37068,80
37080,80
37090,80
37100,80
37110,80
37121,80
37131,80
37142,80
37152,80
37163,80
37173,80
37183,81
37193,81
37203,81
37215,80
37225,80
37235,80
37245,80
37256,80
37266,80
37277,81
37287,81
37298,81
37308,81
37318,80
37328,80
37339,80
37350,80
37360,80
37370,80
37381,80
37391,80
37401,80
37412,80
37423,80
37433,80
37443,80
37453,80
37464,80
37475,80
37485,80
37495,80
37506,80
37516,80
37526,80
37536,80
37548,80
37558,80
37568,80
37578,80
37588,80
37599,80
37610,80
37620,80
37630,80
37641,80
37651,80
37661,80
37671,80
37683,80
37693,80
37703,80
37713,80
37724,80
37734,80
37745,80
37755,80
37766,80
37776,80
37786,80
37796,80
37808,80
37818,80
37828,81
37838,81
37849,80
37859,80
37869,80
37880,80
37891,80
37901,81
37911,81
37921,81
37932,81
37943,81
37953,81
37963,81
37974,81
37984,80
37994,81
38004,81
38016,81
38026,81
38036,81
38046,81
38056,81
38067,81
38078,81
38088,81
38098,81
38109,81
38119,81
38129,81
38140,81
38151,81
38161,81
38171,81
38181,81
38192,81
38202,81
38213,81
38223,81
38234,81
38244,81
38254,81
38264,81
38276,81
38286,81
38296,81
38306,81
38317,81
38327,81
38337,81
38348,81
38359,81
38369,81
38379,81
38389,81
38400,81
38411,81
38421,81
38431,81
38441,81
38452,81
38462,81
38473,81
38483,81
38494,80
38504,80
38514,80
38524,80
38535,80
38546,80
38556,80
38566,80
38577,80
38587,80
38597,80
38608,80
38619,80
38629,80
38639,80
38649,80
38660,80
38670,80
38681,80
38691,80
38702,80
38712,80
38722,80
38732,80
38744,80
38754,80
38764,80
38774,80
38785,80
38795,80
38805,80
38816,80
38827,80
38837,80
38847,80
38857,80
38867,80
38879,80
38889,80
38899,80
38909,80
38920,80
38930,80
38941,80
38951,80
38962,80
38972,80
38982,80
38992,80
39003,80
39014,80
39024,80
39034,80
39045,80
39055,80
39065,80
39076,80
39087,80
39097,80
39107,80
39117,80
39128,80
39139,80
39149,80
39159,80
39170,80
39180,80
39190,80
39200,80
39212,80
39222,80
39232,80
39242,80
39252,80
39263,80
39274,80
39284,80
39294,80
39305,80
39315,80
39325,80
39335,80
39347,80
39357,80
39367,80
39377,80
39388,80
39398,80
39409,80
39419,80
39430,80
39440,80
39450,80
39460,80
39472,80
39482,80
39492,80
39502,80
39513,80
39523,80
39533,80
39544,80
39555,80
39565,80
39575,80
39585,80
39596,80
39607,80
39617,80
39627,80
39638,80
39648,80
39658,80
39668,80
39680,79
39690,79
39700,80
39710,80
39720,80
39731,80
39742,80
39752,80
39762,79
39773,79
39783,79
39793,79
39804,79
39815,80
39825,80
39835,80
39845,80
39856,80
39866,80
39877,79
39887,79
39898,79
39908,80
39918,80
39928,80
39940,80
39950,80
39960,80
39970,80
39981,80
39991,80
40001,80
40012,80
40023,80
40033,80
40043,80
40053,80
40064,80
40075,80
40085,80
40095,80
40105,80
40116,80
40126,80
40137,80
40147,80
40158,80
40168,80
40178,80
40188,80
40199,80
40210,80
40220,80
40230,80
40241,80
40251,80
40261,80
40272,80
40283,81
40293,80
40303,80
40313,80
40324,80
40334,80
40345,80
40355,80
40366,81
40376,81
40386,81
40396,80
40408,80
40418,80
40428,80
40438,80
40449,80
40459,80
40470,80
40480,80
40491,80
40501,80
40511,80
40521,80
40531,80
40543,80
40553,80
40563,80
40573,80
40584,80
40594,80
40605,80
40615,80
40626,80
40636,80
40646,80
40656,80
40667,80
40678,80
40688,80
40698,80
40709,80
40719,80
40729,79
40740,79
40751,79
40761,79
40771,79
40781,80
40792,80
40803,80
40813,80
40823,79
40834,79
40844,79
40854,79
40864,79
40876,79
40886,79
40896,79
40906,79
40916,79
40927,79
40938,79
40948,79
40958,79
40969,79
40979,79
40989,79
40999,79
41011,79
41021,80
41031,79
41041,79
41052,79
41062,79
41073,79
41083,79
41094,79
41104,80
41114,80
41124,80
41136,79
41146,79
41156,79
41166,79
41177,79
41187,80
41197,80
41208,80
41219,80
41229,80
41239,80
41249,79
41260,79
41271,79
41281,79
41291,80
41302,80
41312,80
41322,80
41332,80
41344,80
41354,79
41364,79
41374,79
41384,79
41395,79
41406,79
41416,79
41426,79
41437,79
41447,79
41457,79
41468,79
41479,79
41489,79
41499,79
41509,79
41520,79
41530,79
41541,79
41551,79
41562,79
41572,79
41582,78
41592,78
41604,78
41614,78
41624,78
41634,78
41645,78
41655,78
41665,78
41676,78
41687,78
41697,78
41707,78
41717,78
41728,78
41739,78
41749,78
41759,78
41769,78
41780,78
41790,78
41801,78
41811,78
41822,78
41832,78
41842,78
41852,78
41863,78
41874,78
41884,78
41894,78
41905,78
41915,78
41925,78
41936,78
41947,78
41957,78
41967,78
41977,78
41988,78
41998,78
42009,78
42019,78
42030,78
42040,78
42050,78
42060,78
42072,78
42082,78
42092,78
42102,78
42113,78
42123,78
42134,78
42144,78
42155,78
42165,78
42175,79
42185,79
42195,78
42207,78
42217,78
42227,78
42237,79
42248,79
42258,79
42269,79
42279,79
42290,79
42300,79
42310,79
42320,79
42331,79
42342,79
42352,79
42362,79
42373,79
42383,79
42393,79
42404,79
42415,79
42425,79
42435,79
42445,79
42456,79
42466,79
42477,79
42487,79
42498,80
42508,80
42518,79
42528,79
42540,79
42550,79
42560,79
42570,79
42580,80
42591,80
42602,80
42612,80
42622,79
42633,79
42643,79
42653,79
42663,79
42675,79
42685,79
42695,79
42705,80
42716,80
42726,79
42737,79
42747,79
42758,79
42768,79
42778,79
42788,79
42800,79
42810,79
42820,80
42830,80
42841,79
42851,79
42861,79
42872,79
42883,79
42893,79
42903,79
42913,79
42924,80
42935,80
42945,79
42955,79
42966,79
42976,79
42986,79
42996,80
43008,80
43018,80
43028,80
43038,80
43048,80
43059,80
43070,80
43080,80
43090,80
43101,80
43111,80
43121,80
43132,80
43143,80
43153,80
43163,80
43173,80
43184,80
43194,80
43205,80
43215,80
43226,80
43236,80
43246,80
43256,80
43268,80
43278,80
43288,80
43298,80
43309,80
43319,81
43329,81
43340,81
43351,81
43361,81
43371,81
43381,81
43392,80
43403,80
43413,81
43423,81
43433,81
43444,81
43454,81
43465,81
43475,81
43486,81
43496,81
43506,81
43516,81
43527,81
43538,81
43548,81
43558,81
43569,81
43579,81
43589,81
43600,81
43611,81
43621,81
43631,81
43641,81
43652,81
43662,81
43673,81
43683,81
43694,80
43704,80
43714,80
43724,80
43736,80
43746,81
43756,81
43766,81
43777,81
43787,80
43798,80
43808,80
43819,80
43829,80
43839,80
43849,80
43859,80
43871,80
43881,80
43891,80
43901,80
43912,80
43922,80
43933,80
43943,80
43954,80
43964,80
43974,80
43984,80
43995,80
44006,80
44016,80
44026,80
44037,80
44047,80
44057,80
44068,80
44079,80
44089,80
44099,81
44109,80
44120,80
44131,80
44141,80
44151,80
44162,81
44172,81
44182,81
44192,81
44204,81
44214,81
44224,81
44234,81
44244,81
44255,81
44266,81
44276,81
44286,81
44297,81
44307,81
44317,81
44327,81
44339,81
44349,81
44359,81
44369,81
44380,81
44390,81
44401,81
44411,81
44422,82
44432,81
44442,81
44452,81
44464,81
44474,82
44484,82
44494,82
44505,82
44515,82
44525,82
44536,82
44547,81
44557,81
44567,81
44577,82
44588,82
44599,82
44609,82
44619,82
44630,82
44640,81
44650,81
44660,81
44672,81
44682,81
44692,81
44702,81
44712,81
44723,81
44734,81
44744,81
44754,81
44765,81
44775,81
44785,81
44796,81
44807,81
44817,81
44827,81
44837,81
44848,81
44858,81
44869,81
44879,81
44890,81
44900,81
44910,81
44920,81
44932,81
44942,81
44952,81
44962,81
44973,81
44983,81
44993,81
45004,81
45015,81
45025,81
45035,81
45045,81
45056,81
45067,81
45077,81
45087,81
45097,81
45108,81
45118,81
45129,81
45139,81
45150,81
45160,81
45170,81
45180,81
45191,81
45202,81
45212,81
45222,81
45233,81
45243,81
45253,81
45264,81
45275,81
45285,81
45295,81
45305,81
45316,81
45326,81
45337,82
45347,82
45358,82
45368,82
45378,82
45388,82
45400,82
45410,82
45420,82
45430,82
45441,82
45451,82
45462,82
45472,82
45483,82
45493,82
45503,82
45513,82
45523,82
45535,82
45545,82
45555,82
45565,82
45576,82
45586,82
45597,82
45607,82
45618,82
45628,82
45638,82
45648,82
45659,82
45670,82
45680,82
45690,82
45701,82
45711,82
45721,82
45732,81
45743,82
45753,82
45763,82
45773,82
45784,82
45795,82
45805,82
45815,81
45826,81
45836,81
45846,81
45856,81
45868,81
45878,81
45888,81
45898,81
45908,81
45919,81
45930,81
45940,81
45950,81
45961,81
45971,81
45981,81
45991,81
46003,81
46013,81
46023,81
46033,81
46044,81
46054,81
46065,81
46075,81
46086,81
46096,81
46106,81
46116,81
46128,81
46138,81
46148,81
46158,81
46169,81
46179,81
46189,81
46200,81
46211,81
46221,81
46231,81
46241,81
46252,81
46263,81
46273,81
46283,81
46294,81
46304,81
46314,81
46324,81
46336,81
46346,81
46356,81
46366,81
46376,81
46387,81
46398,82
46408,82
46418,82
46429,82
46439,82
46449,81
46460,81
46471,81
46481,82
46491,82
46501,82
46512,82
46522,82
46533,82
46543,82
46554,82
46564,82
46574,82
46584,81
46596,82
46606,82
46616,82
46626,82
46637,82
46647,82
46657,82
46668,82
46679,82
46689,81
46699,82
46709,82
46720,82
46731,82
46741,82
46751,82
46761,82
46772,81
46782,81
46793,81
46803,81
46814,82
46824,82
46834,82
46844,82
46855,82
46866,81
46876,81
46886,81
46897,81
46907,81
46917,81
46928,81
46939,81
46949,81
46959,81
46969,81
46980,81
46990,81
47001,81
47011,81
47022,81
47032,81
47042,81
47052,81
47064,81
47074,81
47084,81
47094,81
47105,81
47115,81
47126,81
47136,81
47147,81
47157,81
47167,81
47177,81
47187,81
47199,81
47209,81
47219,81
47229,81
47240,81
47250,81
47261,82
47271,82
47282,82
47292,82
47302,81
47312,81
47323,81
47334,82
47344,82
47354,82
47365,82
47375,82
47385,82
47396,82
47407,82
47417,82
47427,81
47437,82
47448,82
47459,82
47469,82
47479,82
47490,82
47500,82
47510,82
47520,82
47532,82
47542,82
47552,82
47562,82
47572,82
47583,82
47594,82
47604,82
47614,82
47625,81
47635,81
47645,81
47655,82
47667,82
47677,82
47687,82
47697,82
47708,82
47718,81
47729,81
47739,81
47750,81
47760,81
47770,81
47780,81
47792,81
47802,81
47812,81
47822,81
47833,81
47843,81
47853,81
47864,81
47875,81
47885,81
47895,81
47905,81
47916,81
47927,81
47937,81
47947,81
47958,81
47968,81
47978,81
47988,81
48000,81
48010,81
48020,81
48030,81
48040,81
48051,81
48062,81
48072,81
48082,81
48093,81
48103,81
48113,81
48124,81
48135,81
48145,81
48155,81
48165,81
48176,81
48186,81
48197,81
48207,81
48218,81
48228,81
48238,81
48248,81
48260,81
48270,81
48280,81
48290,81
48301,81
48311,81
48321,81
48332,81
48343,81
48353,81
48363,81
48373,81
48384,81
48395,81
48405,81
48415,81
48425,81
48436,81
48446,81
48457,81
48467,81
48478,81
48488,81
48498,81
48508,81
48519,81
48530,81
48540,81
48550,81
48561,81
48571,81
48581,81
48592,81
48603,81
48613,81
48623,81
48633,81
48644,81
48654,81
48665,81
48675,81
48686,81
48696,81
48706,81
48716,81
48728,81
48738,81
48748,81
48758,81
48769,81
48779,81
48789,81
48800,81
48811,81
48821,81
48831,81
48841,81
48851,81
48863,81
48873,81
48883,81
48893,81
48904,81
48914,81
48925,81
48935,81
48946,81
48956,81
48966,81
48976,81
48987,81
48998,81
49008,81
49018,80
49029,81
49039,81
49049,81
49060,81
49071,81
49081,81
49091,81
49101,80
49112,80
49123,80
49133,80
49143,80
49154,80
49164,81
49174,81
49184,81
49196,81
49206,80
49216,80
49226,80
49236,80
49247,80
49258,81
49268,81
49278,81
49289,81
49299,81
49309,81
49319,81
49331,81
49341,80
49351,81
49361,81
49372,81
49382,81
49393,81
49403,81
49414,81
49424,81
49434,81
49444,81
49455,81
49466,81
49476,81
49486,81
49497,81
49507,81
49517,81
49528,81
49539,81
49549,81
49559,81
49569,81
49580,82
49591,82
49601,82
49611,82
49622,82
49632,82
49642,82
49652,82
49664,82
49674,82
49684,82
49694,82
49704,82
49715,82
49726,82
49736,82
49746,82
49757,82
49767,82
49777,82
49787,82
49799,82
49809,82
49819,82
49829,82
49840,82
49850,82
49861,82
49871,82
49882,82
49892,82
49902,82
49912,82
49924,82
49934,82
49944,82
49954,82
49965,81
49975,81
49985,82
49996,82
50007,82
50017,82
50027,82
50037,82
50048,81
50059,81
50069,81
50079,81
50089,81
50100,81
50110,81
50121,81
50131,81
50142,81
50152,81
50162,81
50172,81
50183,81
50194,81
50204,81
50214,81
50225,81
50235,81
50245,81
50256,81
50267,81
50277,81
50287,80
50297,80
50308,81
50318,81
50329,81
50339,81
50350,81
50360,81
50370,81
50380,81
50392,81
50402,81
50412,81
50422,81
50433,81
50443,81
50454,81
50464,81
50475,81
50485,81
50495,81
50505,81
50515,81
50527,81
50537,81
50547,81
50557,82
50568,82
50578,82
50589,81
50599,81
50610,81
50620,82
50630,82
50640,82
50651,82
50662,82
50672,82
50682,82
50693,82
50703,82
50713,82
50724,82
50735,82
50745,82
50755,83
50765,83
50776,83
50787,83
50797,83
50807,83
50818,83
50828,83
50838,83
50848,83
50860,83
50870,83
50880,83
50890,83
50900,83
50911,83
50922,83
50932,83
50942,83
50953,83
50963,83
50973,83
50983,83
50995,83
51005,83
51015,83
51025,83
51036,83
51046,83
51057,83
51067,83
51078,83
51088,83
51098,83
51108,83
51120,82
51130,82
51140,82
51150,82
51161,82
51171,82
51181,82
51192,82
51203,82
51213,82
51223,82
51233,82
51244,82
51255,82
51265,82
51275,82
51286,82
51296,82
51306,82
51316,82
51328,82
51338,82
51348,82
51358,82
51368,82
51379,82
51390,82
51400,82
51410,82
51421,82
51431,82
51441,82
51452,82
51463,82
51473,82
51483,82
51493,83
51504,83
51514,83
51525,83
51535,82
51546,82
51556,82
51566,82
51576,83
51588,83
51598,83
51608,83
51618,83
51629,83
51639,83
51649,83
51660,83
51671,83
51681,83
51691,83
51701,83
51712,83
51723,83
51733,83
51743,83
51753,83
51764,83
51774,83
51785,83
51795,83
51806,83
51816,83
51826,83
51836,83
51847,83
51858,83
51868,83
51878,83
51889,83
51899,83
51909,83
51920,83
51931,83
51941,83
51951,83
51961,83
51972,83
51982,83
51993,83
52003,83
52014,83
52024,83
52034,83
52044,83
52056,83
52066,83
52076,83
52086,83
52097,83
52107,83
52118,83
52128,83
52139,83
52149,83
52159,83
52169,83
52179,82
52191,82
52201,82
52211,83
52221,83
52232,83
52242,83
52253,83
52263,83
52274,82
52284,82
52294,82
52304,82
52315,82
52326,82
52336,82
52346,82
52357,82
52367,82
52377,83
52388,82
52399,82
52409,82
52419,82
52429,82
52440,82
52451,82
52461,83
52471,83
52482,83
52492,82
52502,82
52512,82
52524,82
52534,83
52544,83
52554,83
52564,83
52575,83
52586,83
52596,83
52606,83
52617,82
52627,82
52637,83
52647,83
52659,83
52669,83
52679,83
52689,83
52700,83
52710,83
52721,83
52731,83
52742,83
52752,83
52762,83
52772,83
52784,83
52794,83
52804,83
52814,83
52825,83
52835,83
52845,83
52856,83
52867,83
52877,83
52887,83
52897,83
52908,83
52919,83
52929,83
52939,83
52950,83
52960,83
52970,83
52980,83
52992,83
53002,83
53012,83
53022,83
53032,83
53043,83
53054,83
53064,83
53074,83
53085,83
53095,83
53105,83
53116,83
53127,83
53137,83
53147,83
53157,83
53168,83
53178,83
53189,83
53199,83
53210,83
53220,83
53230,83
53240,82
53252,82
53262,82
53272,82
53282,82
53293,82
53303,82
53313,82
53324,82
53335,82
53345,82
53355,82
53365,82
53376,82
53387,82
53397,82
53407,82
53417,82
53428,82
53438,82
53448,82
53459,82
53470,82
53480,82
53490,82
53500,82
53511,82
53522,82
53532,82
53542,83
53553,82
53563,82
53573,82
53584,82
53595,83
53605,83
53615,83
53625,83
53636,83
53646,83
53657,83
53667,83
53678,83
53688,82
53698,83
53708,83
53720,83
53730,83
53740,83
53750,83
53761,83
53771,83
53782,83
53792,83
53803,83
53813,83
53823,83
53833,83
53843,83
53855,83
53865,83
53875,83
53885,83
53896,83
53906,83
53917,83
53927,83
53938,83
53948,83
53958,83
53968,83
53979,83
53990,83
54000,83
54010,83
54021,83
54031,83
54041,83
54052,83
54063,83
54073,83
54083,83
54093,83
54104,83
54115,83
54125,83
54135,83
54146,83
54156,83
54166,83
54176,83
54188,83
54198,83
54208,83
54218,83
54228,83
54239,83
54250,83
54260,83
54270,83
54281,83
54291,83
54301,83
54311,82
54323,82
54333,83
54343,83
54353,83
54364,83
54374,83
54385,83
54395,82
54406,82
54416,82
54426,82
54436,82
54448,82
54458,82
54468,82
54478,82
54489,82
54499,83
54509,82
54520,82
54531,82
54541,82
54551,82
54561,82
54572,83
54583,83
54593,83
54603,83
54614,82
54624,82
54634,82
54644,82
54656,83
54666,83
54676,83
54686,83
54696,83
54707,83
54718,83
54728,83
54738,83
54749,83
54759,83
54769,83
54780,83
54791,83
54801,83
54811,83
54821,83
54832,83
54842,83
54853,83
54863,83
54874,83
54884,83
54894,83
54904,83
54916,83
54926,83
54936,83
54946,83
54957,83
54967,83
54977,83
54988,83
54999,83
55009,83
55019,83
55029,83
55040,83
55051,83
55061,83
55071,83
55081,83
55092,83
55102,83
55113,83
55123,83
55134,83
55144,83
55154,83
55164,83
55175,83
55186,83
55196,83
55206,83
55217,83
55227,83
55237,83
55248,83
55259,83
55269,83
55279,83
55289,83
55300,83
55310,83
55321,83
55331,83
55342,83
55352,83
55362,82
55372,82
55384,82
55394,82
55404,82
55414,82
55425,82
55435,83
55446,83
55456,82
55467,82
55477,82
55487,82
55497,82
55507,82
55519,82
55529,82
55539,82
55549,83
55560,83
55570,82
55581,82
55591,82
55602,82
55612,82
55622,83
55632,83
55643,83
55654,83
55664,83
55674,83
55685,83
55695,83
55705,83
55716,83
55727,83
55737,83
55747,83
55757,83
55768,83
55779,83
55789,83
55799,83
55810,83
55820,83
55830,83
55840,83
55852,83
55862,83
55872,83
55882,83
55892,83
55903,83
55914,83
55924,83
55934,83
55945,83
55955,83
55965,83
55975,83
55987,83
55997,83
56007,83
56017,83
56028,83
56038,83
56049,83
56059,83
56070,83
56080,83
56090,83
56100,83
56111,83
56122,83
56132,83
56142,83
56153,83
56163,83
56173,83
56184,83
56195,83
56205,83
56215,83
56225,83
56236,83
56247,83
56257,83
56267,83
56278,83
56288,83
56298,83
56308,83
56320,83
56330,83
56340,82
56350,83
56360,83
56371,83
56382,83
56392,83
56402,83
56413,82
56423,82
56433,82
56444,82
56455,82
56465,82
56475,82
56485,82
56496,82
56506,82
56517,82
56527,82
56538,82
56548,82
56558,82
56568,82
56580,82
56590,82
56600,82
56610,82
56621,82
56631,82
56641,82
56652,82
56663,82
56673,82
56683,82
56693,82
56704,82
56715,83
56725,83
56735,82
56745,82
56756,82
56766,82
56777,83
56787,83
56798,83
56808,83
56818,83
56828,83
56839,83
56850,83
56860,83
56870,83
56881,83
56891,83
56901,83
56912,83
56923,83
56933,83
56943,83
56953,83
56964,83
56974,83
56985,83
56995,83
57006,83
57016,83
57026,83
57036,83
57048,83
57058,83
57068,83
57078,83
57089,83
57099,83
57109,83
57120,83
57131,83
57141,83
57151,83
57161,83
57171,83
57183,83
57193,83
57203,83
57213,83
57224,83
57234,83
57245,83
57255,83
57266,83
57276,83
57286,83
57296,83
57307,83
57318,83
57328,83
57338,83
57349,83
57359,83
57369,83
57380,82
57391,82
57401,82
57411,83
57421,83
57432,83
57443,83
57453,83
57463,83
57474,82
57484,82
57494,82
57504,82
57516,82
57526,82
57536,82
57546,82
57556,82
57567,82
57578,82
57588,82
57598,82
57609,82
57619,82
57629,82
57639,82
57651,82
57661,82
57671,82
57681,83
57692,82
57702,82
57713,82
57723,82
57734,82
57744,82
57754,83
57764,83
57776,83
57786,83
57796,83
57806,83
57817,82
57827,82
57837,83
57848,83
57859,83
57869,83
57879,83
57889,83
57900,83
57911,83
57921,83
57931,83
57942,83
57952,83
57962,83
57972,83
57984,83
57994,83
58004,83
58014,83
58024,83
58035,83
58046,83
58056,83
58066,83
58077,83
58087,83
58097,83
58108,83
58119,83
58129,83
58139,83
58149,83
58160,83
58170,83
58181,83
58191,83
58202,83
58212,83
58222,83
58232,83
58244,83
58254,83
58264,83
58274,83
58285,83
58295,83
58305,83
58316,83
58327,83
58337,83
58347,83
58357,83
58368,83
58379,83
58389,83
58399,83
58409,83
58420,83
58430,83
58441,83
58451,83
58462,83
58472,83
58482,83
58492,83
58503,83
58514,83
58524,83
58534,83
58545,82
58555,82
58565,82
58576,82
58587,82
58597,82
58607,83
58617,83
58628,83
58638,82
58649,82
58659,82
58670,82
58680,82
58690,82
58700,82
58712,82
58722,83
58732,83
58742,83
58753,82
58763,82
58774,82
58784,82
58795,82
58805,83
58815,83
58825,83
58835,83
58847,83
58857,83
58867,83
58877,82
58888,82
58898,83
58909,83
58919,83
58930,83
58940,83
58950,83
58960,83
58971,83
58982,83
58992,83
59002,83
59013,83
59023,83
59033,83
59044,83
59055,83
59065,83
59075,83
59085,83
59096,83
59107,83
59117,83
59127,83
59138,83
59148,83
59158,83
59168,83
59180,83
59190,83
59200,83
59210,83
59220,83
59231,83
59242,83
59252,83
59262,83
59273,83
59283,83
59293,83
59303,83
59315,83
59325,83
59335,83
59345,83
59356,83
59366,83
59377,83
59387,83
59398,83
59408,83
59418,83
59428,83
59440,83
59450,83
59460,83
59470,83
59481,83
59491,83
59501,83
59512,82
59523,82
59533,83
59543,83
59553,83
59564,83
59575,83
59585,83
59595,82
59606,82
59616,82
59626,82
59636,82
59648,82
59658,82
59668,82
59678,82
59688,83
59699,82
59710,82
59720,82
59730,82
59741,82
59751,82
59761,82
59771,83
59783,83
59793,83
59803,83
59813,82
59824,82
59834,82
59845,82
59855,83
59866,83
59876,83
59886,83
59896,83
59908,83
59918,83
59928,83
59938,83
59949,83
59959,83
59969,83
59980,83
59991,83
60001,83
60011,83
60021,83
60032,83
60043,83
60053,83
60063,83
60073,83
60084,83
60094,83
60105,83
60115,83
60126,83
60136,83
60146,83
60156,83
60167,83
60178,83
60188,83
60198,83
60209,83
60219,83
60229,83
60240,83
60251,83
60261,83
60271,83
60281,83
60292,83
60302,83
60313,83
60323,83
60334,83
60344,83
60354,83
60364,83
60376,83
60386,83
60396,83
60406,83
60417,83
60427,83
60438,83
60448,83
60459,83
60469,83
60479,83
60489,83
60499,83
60511,82
60521,82
60531,82
60541,82
60552,82
60562,81
60573,81
60583,81
60594,81
60604,81
60614,81
60624,81
60635,81
60646,81
60656,81
60666,81
60677,80
60687,80
60697,81
60708,81
60719,81
60729,81
60739,81
60749,81
60760,81
60770,80
60781,80
60791,80
60802,80
60812,80
60822,80
60832,81
60844,81
60854,81
60864,81
60874,80
60884,80
60895,80
60906,80
60916,81
60926,80
60937,81
60947,81
60957,81
60967,81
60979,80
60989,80
60999,80
61009,80
61020,80
61030,81
61041,81
61051,81
61062,81
61072,81
61082,81
61092,81
61104,81
61114,81
61124,82
61134,82
61145,82
61155,82
61165,82
61176,82
61187,82
61197,82
61207,83